-0.1927885970645269 -0.6099261895802299
0.9047546870029275 0.5522415561787974
0.4716935410253127 0.7976002711165262
0.13723511160525925 -0.8131872042145869
-0.7255942512484876 -0.14029739100597105
0.7046619357264359 -0.6998799322269786
0.3012111645614646 -0.6220070715730799
0.8808753006094605 0.19742988436963183
-0.7629277675946087 -0.6402574573753366
-0.18647586336085165 -0.4078950994949495
-0.7227938154786944 0.49347518391226797
0.9375518147213986 -0.05417135221735281
0.41873940158856726 -0.3291271155544866
-0.15674317947690342 0.12211997741666814
-0.9295370438432475 -0.30061238880462837
0.08534510152639063 0.9371815554010099
0.27783045516639815 -0.48552675688746394
0.42831927263142067 -0.19918440330864495
-0.17557340431729895 -0.7728506994627939
0.7165990396009181 -0.6240408964837321
0.9317162947830355 -0.27074311202237533
-0.07173619827756861 0.5456528642049447
-0.8351229826423441 0.1462522275426139
-0.19887110182477308 0.8127951612100972
0.41154666875522317 -0.15494163423310336
-0.4613205663648541 -0.3143735601071007
0.5291214432797124 0.9298312595072953
-0.7716908652584493 0.8188768519335601
0.4850694884797937 0.20243040139847923
-0.6964813268354968 0.3268993740704864
0.9782307129714987 -0.286164863313751
0.8014572537042601 0.8650390104062649
0.9554542132044654 -0.6547973731281511
-0.40643987478814303 0.21283070879655153
-0.014919008461359295 -0.9174256949692681
-0.8395190261299417 0.24918999084567517
0.26883891687732886 0.055702830390062186
-0.8412295839652983 -0.7395452620750005
0.1395317889728589 0.44277833948646395
0.08077515085425935 -0.7597701363312295
-0.43649461193349026 -0.4105716124309642
-0.9929573104741445 0.10114895977368299
0.8137930293021272 0.4890799801715897
0.4401172835843554 -0.4015293521194694
-0.6899452773935657 -0.20976676265928385
0.36230937122540596 0.06835833059643948
0.13546247404901135 0.17712397439084526
0.8529515165804487 -0.9363554035549153
-0.8493876936420857 -0.0814445875784402
0.13444566404067926 -0.2819449614123155
-0.8086219683288318 -0.1767304479641303
0.5198263074882217 -0.26781874020049834
-0.3475316481051489 0.7968084800989004
0.4116127192331127 -0.5333649081743197
0.24961999150613812 -0.9376414691471762
-0.34129522942174173 0.06843083599071043
0.3573100855258522 0.5788289395435942
-0.42882360020219856 -0.5114290069374958
0.5334631262046334 -0.05377826962270671
0.7165343988164625 0.65029040400405
-0.816782019524507 -0.7139265116938693
-0.953944394768264 -0.6229803735773194
0.9065584569708227 -0.22884093490064417
-0.10982622464764202 0.5327432665009297
-0.8032148358288922 0.2574735834905313
-0.9903111904042616 0.18656349045097143
0.6922610977651982 -0.36302534390004726
0.4171130664984122 -0.16078374838150666
0.2617298662078471 -0.5216988129341906
-0.42796178927752093 0.017552398699637095
0.2825741168667266 -0.7166134116317302
-0.5065671602146415 -0.6199307027013261
-0.21899282120192098 -0.35057025980220846
0.8405768061511982 0.515157436065355
-0.15192604491959028 0.8261519372252304
-0.3868893750935476 0.8076235483519791
0.4306360581532931 0.7334843549944279
-0.6585225191544217 -0.7330518468045502
-0.3153512971234973 0.22618240687021895
-0.5050016300238449 -0.24647591108478717
-0.7652367264082303 -0.512187790911619
-0.3197830140142992 0.9366784073431893
-0.04141475401601191 0.9917776745684681
0.4758512713971632 0.18559855237891698
-0.321438880663101 0.573025243279845
0.2681223507401984 0.4070519644074906
-0.10117839370517001 -0.416818717397907
-0.002697507136818489 -0.11052496200756701
-0.33153901332614466 -0.29252648856314556
-0.9588257035414229 -0.5603982454241343
0.9177812057886614 0.9443352769900915
-0.71369882354541 -0.5300144914569194
0.27848926904015636 0.8754535444855327
-0.39302177470675326 -0.9416936320477272
0.21737252985121835 -0.3839859584961576
0.855289398144051 0.7440981495378223
-0.7122425123425367 -0.7929084115466885
0.16572623049610047 -0.4479906584930202
0.6484832649244154 0.9425664549718702
-0.6445007003029048 -0.18500333464930674
-0.6190763602564617 -0.35079943086859044
0.4578136387156251 0.27771109790994153
0.8231026714795977 0.3687001354259287
0.8156860760930851 0.9527346281587441
0.6832418514866427 0.5644417846677967
-0.9905396738300036 0.08406746610295368
0.3232045242819963 0.6722258608813954
0.5341377583180495 -0.13458250187724685
0.013903489313348283 -0.04140964361938071
-0.4689573715643358 -0.3605688073681603
0.3409255922536125 -0.31560893209360064
0.6538224428687036 -0.3592989420962198
-0.7079824210654746 -0.1581915639048488
0.8021109924038787 -0.5605730781620606
-0.29128949154448924 -0.02864622900945979
-0.3488990718599658 0.4437895208287448
0.9263707330719579 -0.09819145291848996
0.04634238978618965 0.49061146686461554
0.9443380534500205 -0.04906507146013461
-0.7140855665518935 0.9772727755313704
-0.4078690136362155 -0.3747476131025842
-0.44913766414972245 0.8432387109722672
0.7257661804181235 -0.24358497283893454
0.8850821530816544 0.593245665687175
-0.44308256918576827 0.20996207707567094
0.9534615928088224 -0.09577209198587755
-0.1774441547073735 0.9589441546804545
0.7095535687483048 -0.9796042434637504
0.6115006926911606 -0.17065757258664904
-0.3221796173488707 -0.9858718521790684
-0.7761906044291351 0.16066528920007017
-0.3235488931749022 -0.024180269409429078
0.4301362171181644 0.025915309823219213
0.8267497225506333 0.8041135069079803
0.09880635773858093 0.7107201942460539
0.431263098025082 0.7710988907091836
0.6787981706835868 -0.3953013239489507
0.8651491494304375 0.07389540135851469
-0.2032392680457933 0.5583081426306151
0.5096655779862957 -0.19140127441381694
0.7279343479784692 0.9579281911186053
0.38577969878347473 0.7081657043665681
0.9296871010414571 0.3229476279274579
0.4328468290519003 -0.8085955856940599
0.9178292477750751 -0.6481792069280616
-0.7769695439324833 -0.9946339719541142
-0.4343254962278662 0.8446619928279073
0.6800151843661948 -0.8457653464795474
-0.8599108539197167 -0.2635563641737202
-0.6615199570867132 0.009738776374864422
-0.03233563486928115 0.004840960048672738
-0.28498622792718664 -0.4394639119780239
-0.12865578492237995 0.22930210746350554
-0.10012678674680942 -0.9341020283034227
-0.3546906105263494 0.06765558396800397
-0.6224646422242113 -0.7568523548311745
-0.1708008311482505 -0.04518958210237867
-0.5058241987194447 0.12113227700951557
-0.8487507775129379 -0.9507769240811823
0.28558343650024076 0.6058216037157127
0.15994311033728836 -0.7288589676083159
0.25955797955118043 -0.5924583324068757
0.16858163358832656 -0.4541607278966058
0.021868259838684345 0.6703999559012701
-0.35828000921565994 -0.2969932383162448
-0.2867747572016317 -0.7049086686079848
-0.9507296501478366 0.05631178241820378
0.11377626656321138 0.4826929578904271
-0.38109102834708186 0.8758769804214275
0.5427418908198476 0.5425401845886741
-0.20010337520854704 -0.6554462236417156
-0.7152243397987974 0.856729858872245
0.36587127099645467 -0.6072403417491745
0.8135629259537314 0.08354441243812327
-0.2878838273408215 -0.3447004451447433
-0.8900730767779574 0.7708218881876858
0.6555940358030494 0.47083367253329755
-0.44708835890046106 0.6599609067067329
0.05039053322598308 -0.2967008845003434
-0.9672658229904645 -0.2625754433321805
-0.42227216959619707 -0.3926484938963333
-0.8654125862805235 -0.6953534285314353
0.3122358216798755 -0.23551943511557116
0.28395826619981457 0.9040155606480231
-0.3435960938125935 -0.4145799492593085
0.8268946695805344 0.01743520063571924
-0.791825881582128 -0.4049545483172299
0.34231784592147996 0.10449389261381348
-0.8693333123109659 0.32836359605204013
-0.5005890620383848 0.284694866852488
-0.30993547342099226 -0.07844879602291077
-0.22967009162441543 -0.07073960001005153
-0.5887083763909933 -0.4704001799925186
0.13803251560957097 0.1452812765998357
-0.6471483853577733 -0.5601830318268475
0.46801822911361524 -0.49710317736224274
0.9056611525301179 -0.5731968570038131
-0.39828390248084933 0.5725538799915211
0.21639179386176632 -0.4042381043156231
-0.39275462806016304 0.23834906507031484
-0.04770295628312504 0.07855650170940276
0.7787994316543474 0.08017813621868086
-0.26148114184042903 -0.21433967921548303
0.7819976640606867 -0.9196875012197474
0.6603365783633466 0.30598298646287314
-0.7990137926900238 -0.2878298072188248
-0.9158140011498268 0.7543147642161165
-0.5777984080210234 -0.328746150529974
0.4566525305046001 0.06635003693195718
-0.17669084963662662 -0.896823206182854
0.3480981791148945 -0.4747922917913714
0.3017758293741335 0.6499639363757348
-0.03377163449762999 0.00405973624179734
-0.07862567675143173 0.17533805207284225
0.7969589862007451 -0.2909889063609148
0.9070236550660331 0.18517253625414676
-0.6242578485978645 -0.9959046106325959
0.6810326221397962 -0.47871838495096886
0.25828444392056493 -0.2659567869814863
-0.5471239928199056 -0.15263697720933966
-0.2095429957446857 0.8709944977349184
0.8080515653324813 -0.21508329138015103
0.05608468786418874 -0.8975172183849696
-0.4197915737774245 -0.4132735380102157
-0.357745639113211 -0.6029660450516876
-0.15205243009037517 0.6033703392411613
-0.12653074789835794 0.8000206051687944
-0.37980394414363516 -0.6923096773998492
-0.25736851006027783 -0.8963098547600901
0.6770324714853029 -0.5831013801432443
0.959544602582832 -0.8300363891883575
-0.9356604346260717 -0.33719154415880337
0.9874813408279124 0.9665557360764403
-0.9789581111034447 0.5860912890198782
-0.9745747942941623 -0.24535502330940573
0.4564742729380724 -0.7038779621702835
0.07586722821646719 -0.11022202308311502
-0.3311622974549242 0.6020879284109828
0.5334499821652419 0.2437057859809122
-0.24430830489868338 -0.9748238292934714
0.49736972368381593 -0.9905581221395061
-0.14248377060605577 -0.578878971919303
0.10178670057120454 0.4666410785627131
-0.3228563716504935 -0.5703038606970929
0.03757797670107044 -0.9705934036576098
-0.7500892406577215 -0.3983224291678671
-0.880145975535708 0.28877093471095083
0.030326428429352736 -0.21941570643518338
-0.38088176759618486 -0.6372136634804646
-0.8321029954164687 -0.015898720508948028
-0.9108101703191451 0.43298723934418404
0.2317416469241691 0.4018386780654042
-0.3022855598495011 -0.45315123861077344
0.5844507976397202 0.2148051606788568
0.7873501901275843 -0.17787992342222747
0.8798539683421911 -0.20044537050068834
-0.6813681355631214 0.5148028071824369
0.25051309537963706 0.6726122285127871
0.30582386698442754 -0.1001881023825908
-0.48823877661909476 0.5058976232146382
0.637273699532559 -0.6513984599102713
0.6351098451447441 0.1673435299404562
-0.015483383801702777 0.10938750675102327
-0.7924979807833474 -0.576693639205474
-0.26646714541498806 0.7608541670895719
-0.3250039120116919 0.6327212202081463
0.44086984363600945 -0.5341206610536133
0.7564501895458804 0.19134527781179744
0.13071358669797362 0.6271739953390525
-0.10532024000427875 0.3510134243385785
0.5065638505040189 -0.6206243055194844
-0.8980502943322548 -0.07378469754862671
0.025360730256668518 0.7221424433695012
-0.6561284967892811 0.044677294670828704
-0.8848749928189801 0.7039991427858787
0.7392664042965453 -0.15413920760390099
0.002915625438842495 -0.5266612838910867
0.6140032625884917 -0.969523181347081
-0.7661039057058132 -0.7472137822907357
-0.2700827994928636 0.5558667999055811
0.5954748840843851 0.24144405489652176
-0.6100711255843716 0.8246833523681993
0.47153531063025245 0.4912491951159401
-0.9102192133086984 0.73609668350864
0.7217950829560116 -0.18662456529663718
-0.4415093340031422 -0.3178049249216217
0.16442060279403958 -0.7126125633786895
0.9697176919443218 -0.060648525604025894
-0.7202288278202114 0.9996486800180455
0.23614602085149206 0.4260069005073379
-0.3241648761498219 0.7066227863836572
-0.817782937537112 0.7183023234495531
-0.18188724158982228 0.5479914458045612
-0.7948698096297568 0.7237187907561451
-0.37093627816670627 -0.2292870768122981
0.3795106793691605 -0.050422140224527956
-0.8963953291616418 0.5760829510066523
-0.5850820175654112 0.7528135768993047
-0.8669046983541466 -0.21348213381219416
0.31919317193480934 -0.8186739721156595
0.3623000907187217 -0.42713575971180595
0.9926686978590333 0.031842062014523886
0.1983129830439998 -0.384247932457251
0.21847628539998531 -0.6740997831949296
-0.5179937465158078 -0.6277527800909997
-0.7473556316823153 0.3796852805362114
0.0044887866214780026 -0.3029281685200187
0.6751385417498874 0.21383088500385483
-0.3959954946807194 0.265031725754044
-0.023916027605388024 0.3298808985568238
-0.4565499717664452 -0.7032179097046944
-0.9902389728353702 0.9679646748605328
-0.34814902710030315 0.9865297162634055
-0.08511587262195475 -0.3879236412301015
-0.4791067386835768 -0.30803038619367995
-0.24654610365020702 0.39089430441724127
0.6751178623084584 -0.12229902592077435
0.6377108682238086 -0.11942809264191734
0.8341976892946492 -0.36724608746857745
0.5999768200585904 0.03679549563094686
-0.4785441675610651 -0.6434465906832469
0.11216083167990387 0.6296329550019566
-0.22582079472377692 -0.12011403949323496
-0.5242368160698085 -0.4193645492766449
0.7385680034195219 0.8382025786757086
0.9677927266014703 -0.8478190114202941
-0.28225457882187666 -0.5385619891744367
0.11479482329507662 -0.9195084280200756
-0.3322386208244277 0.21364153389282903
-0.45182513313527584 0.8910470372681556
-0.13700380270392265 -0.8354717269706697
-0.12615874853110443 0.03412515863751153
-0.08743312220278687 0.8450211728448813
-0.2172926889444442 0.8660582734788311
-0.9510113650602934 -0.43437147591487846
-0.398754402729373 0.02244488437365244
0.30143702458001354 0.31009529315567486
0.2863414800043931 0.44345124934860425
0.7914430744009324 -0.4914141489624406
0.5891116668003333 -0.1865242473783335
-0.8276675166920391 0.7397932028242584
-0.38158409329695964 -0.5039698796392094
0.7334054347652164 -0.8574256299877814
-0.4949260670260718 0.34595742125227
-0.721101150529879 0.6818183144829739
0.9233435760605073 0.2893253380748222
-0.2992306510277132 -0.8692890709173151
0.7993698955038884 0.6097361467177713
-0.06662794539926131 0.1963818474824821
0.9992602043352501 0.7233997559645973
-0.30422795261781665 -0.1630287337267573
-0.8348934763950617 0.25031215998307754
-0.4358854892557351 0.09413276894087041
-0.8032687030146355 0.6759342453556709
0.4862249424513343 0.6001365820754248
0.6082792322992823 -0.2901977890632823
-0.9971828492013532 -0.9720994628229072
-0.7205542541946364 0.022488485035394357
0.05315572537834545 -0.30160639993157545
-0.8072664175158457 -0.9278034430762108
-0.592482525562479 -0.851402521765382
-0.03433439980062336 -0.9006491968778847
0.8780548392062515 0.530162953852912
0.38118626428814917 -0.39536785188384793
0.6551224622774174 0.8087160311698971
0.5319164454210374 0.6822723375475366
-0.8575400098527446 0.7130385929654925
0.5926353344625515 -0.32438357782946814
-0.9998412919050008 -0.937106368269597
0.18001971436033304 0.747274480888841
-0.7336485650037556 -0.8496505691366998
-0.07664611294184587 -0.26773221211247145
-0.8013057586431 -0.6426176172125619
0.1924398722001861 -0.4919736500581149
-0.013537499314512091 -0.20829911999755435
-0.030491501874001514 0.5513082578565864
-0.5430180272924057 -0.23452104046913913
-0.6293035938874831 -0.9120280198087922
-0.09642422651947191 -0.1873260321677057
0.6654308053360096 -0.3670024219899053
0.2275073069685276 0.7071801974974921
-0.32183253326804495 0.2216085802859704
0.33732378731183954 0.5571991669752407
0.3609631333942058 0.2107199680863845
-0.2350440622854646 -0.8088187612582352
0.16506152250074746 0.6206795487087733
-0.023510894522760672 -0.7365447853964728
0.47643852406017384 -0.17759736749435606
-0.519745201546217 0.07693335644288979
-0.27848967722825435 0.09190802424303901
0.27667577513129005 0.18794803928425807
0.9109513018725366 0.0288016315852615
-0.30801442261996437 0.36735557658985973
-0.199233239745654 -0.7555691726750904
-0.34940691116148637 0.03410909283618446
0.5457864309020524 0.5385005360608759
-0.10463338742095529 -0.5376727790847562
0.07945864739441078 0.8115751841709737
-0.025632661541745483 0.19104869257668144
0.4858948725611094 -0.8543598569819069
-0.653753270501602 0.4133195940804171
0.9447224195300612 0.6983059897150128
0.6318294503948918 -0.7316124331764935
0.6531883340547431 -0.554473905782066
0.5116335284529427 0.7201037825259944
-0.10935708278277745 0.2127884457086735
0.9526959445663303 -0.8781440852990612
-0.6907415010991647 -0.2139617173033328
-0.8162741144880614 0.6415753904308539
-0.9828484204351997 -0.9038625614658042
0.884600889263714 0.21633553596419786
-0.1949936114424231 0.1687128047190205
-0.6631370270035075 -0.4514733696437132
-0.2539773421230498 -0.8090843463655983
0.9892600892540595 0.5071800578049392
-0.6693570304827148 0.28664401672382067
0.5610327299303262 -0.23818889126875176
0.9890538382619369 -0.5736056195236248
0.6806224032448533 0.46786177254602723
-0.5825828513007185 -0.755568060480829
-0.13634800490939813 -0.4083165454701019
-0.5200116239490671 -0.5902678380295505
0.46580867333093434 0.5757410535805538
-0.06922442266545659 0.9284767266430447
0.02477579853238865 0.31631482355825824
-0.07406809010912663 0.42973322564491956
-0.25295624727423816 -0.4446357896108917
-0.8026801315234733 0.5172450169928939
-0.9865145941208602 -0.5162791857960172
-0.6423511486611357 -0.31363985473750877
-0.2330902643051862 0.5898718163803081
0.7980871308276907 -0.6163663288853458
-0.6684700368555192 0.03482601432304633
0.43838374529296553 -0.3903225530544394
0.7065810551368874 -0.16790196577914251
-0.7257950324286575 0.7200067571028439
0.9618273409000917 0.6759456268288682
0.17280780455757072 0.5907070229218732
0.39682214520611336 0.7792772238276573
0.8468888568461781 -0.8751922202972087
0.5795882018864784 0.46535941617173315
0.18049879281797598 -0.6039162583343312
0.31702280054202703 -0.6970226513279292
0.2939354184211602 0.08909406230118222
-0.30469946474708465 -0.08816581620422181
0.12096062406429953 -0.2873213527258247
-0.14992006330689378 0.9059638778085954
-0.09874439292088022 -0.03264625765117812
0.5751985267264699 -0.1862996631530276
-0.8214477137121623 -0.5371597724438315
0.6353236459978719 0.4172105101426262
-0.13401917229985538 -0.08690353489435942
-0.9949633757225607 -0.5580467255288184
-0.4702387511701922 0.9121083605709781
-0.3711785198048463 0.21958375221826776
0.8386424291263297 0.7292854709010577
0.04522264226516981 -0.0730890720614501
-0.16502325361291836 -0.546710756188475
-0.13474899046306077 -0.22392732501638024
0.6398068537097703 -0.8957969703973565
-0.3624942672000959 -0.16816852836260932
-0.48956653598173316 0.3374889766061715
0.602751113039008 -0.012616503362768539
0.8344878478623885 0.7872590700357676
-0.39450149930350964 0.9795011462145793
-0.363944290794858 -0.49575282576482405
0.6201835436172392 -0.9568278978974858
-0.885018839590402 -0.9650838249272662
0.4522497375381198 -0.9837274315846791
0.4626504654108483 0.4836853402469865
0.09805155269613586 -0.3043560235359466
0.9723535187164563 0.2697632000366339
0.7251345048564926 0.8250831195437649
0.2907259716622921 -0.4488110585108842
-0.9190767164350448 0.4577228466641323
-0.49605749134565147 -0.39771830400047503
-0.36145445326840675 -0.961496400960578
0.24608873223980154 0.9983628431461427
-0.4330457453250369 0.06678787057994207
0.7155861943885411 0.10777429608405065
0.19418082638812106 -0.9793176793625675
0.5435052023629583 0.9524092294281516
0.949014335728503 -0.0016796701828265537
-0.09948460370767775 0.40454349243004084
0.698849665733666 -0.7275297506300722
0.9589683894968495 -0.19658093280999633
-0.4252845387084503 -0.5505776732886318
-0.42273339130853493 0.5367633634900666
0.19389396604496523 0.14877363745308236
-0.8960106434489017 0.903686575946983
0.5261906164630397 -0.8200518674106982
-0.71322261672385 0.9125846615158246
0.8764693881022232 0.9507096916295139
-0.5542996263796016 -0.6353722607697538
0.9577299191040161 0.6915565312315206
-0.6326407692363414 -0.24909828584253546
0.33437726266567 -0.4147245050447512
0.2912167635453742 0.08666093378493
-0.13999961131348138 -0.3991157970973349
0.12301547794458267 -0.27446186801314476
0.6962332576029031 -0.3798480472004273
-0.8511481450568212 -0.43676040423214624
-0.3014651544937679 0.4719785517574715
-0.9625977954988856 -0.13042020956611977
0.44647531223640846 0.4304200376374663
-0.4067212214261424 -0.4545243543899862
-0.6989643910865484 -0.9277395647557765
0.11076624991575135 -0.8293804783493957
0.9634514752525376 0.2788716341071049
0.2512302954830137 -0.9697447745075114
0.8652828325716961 -0.8617381937446387
0.7107982626494409 -0.027306812582118978
0.3783739042587335 0.7178323060690286
-0.9704785121247783 0.686882078703122
0.7652070993830988 0.42127186368863434
0.5863029575920597 -0.6906797087095944
-0.9833752559638089 0.514405144947331
-0.580171828367122 -0.4226182461498609
0.8057425575065167 -0.3625062366523719
0.4452923960731128 -0.3352531932040508
-0.7309748362417647 -0.9268930069157939
-0.5210406838527482 -0.6813480351195489
-0.888645692120219 0.97229329125934
0.21330470406630964 -0.5362357731943608
0.6093048771612435 -0.4522776639879733
-0.554396242082273 0.5706971985201568
-0.3353456829947563 -0.14127673429241416
0.29382823281833415 -0.9261890315436909
0.018976930618818777 0.5394331646532662
-0.7948230389628352 -0.8042593900078536
-0.3609508291001615 -0.6344896061185525
-0.39371922352997135 0.17513572931970578
-0.8220682560922541 0.9914792579320366
0.6128583445422187 0.9728221491798661
-0.23029875626134322 0.5404173349791432
0.2730408232852555 0.2368322297863512
-0.10158282443704358 -0.9982339444657586
-0.19378023537743916 0.6888578791084647
-0.3314298502683435 -0.8050671544446908
0.1812656292707353 0.781423677555876
-0.8886148493908357 -0.2442831740559397
0.9194223779291983 -0.909539621178034
-0.9138683744943321 0.9809203864188494
0.3054182659766884 0.0329675441429087
-0.29318653713055265 -0.34817862193775495
-0.8844315494242929 0.08112079709429554
0.7783706008673361 -0.46604212722060456
-0.07212225129955363 0.6220455812692693
0.2776433316604481 0.990555432917583
0.7622262376713742 -0.25994001535764344
-0.24184005171673517 0.7214093274207161
-0.7068838438488318 0.18857479693914603
0.7625964567052672 -0.9722677941132782
0.2926597306554304 -0.15879607501081616
0.38475328476183157 0.741430568055335
0.19994949906167014 -0.15369401107121794
0.7989540131715902 0.1275297730663738
-0.07267268511111347 -0.10310276592258516
0.4023596440369397 -0.02069993603398257
-0.3835745635315293 0.7060657387859697
-0.8027620865721319 0.030039368036674396
0.34573673456417553 -0.683440203030482
0.13593112790665973 0.8052674075334492
-0.8076152368813072 -0.8273522353781042
-0.8996265960304914 0.9644930200322073
-0.7597750284289644 0.7053257138392892
0.8342595434846543 -0.6831470523212044
-0.16924297911364294 -0.8347999985064662
-0.3079626927204735 0.3853009013096964
0.18271434612843818 -0.028130294471255368
0.1754294718231777 0.41691981995887084
0.2946954492277145 0.7665551918102556
0.810550458765936 -0.8433218369511597
0.37259102976073777 -0.7641090495263061
-0.2757357755166514 0.1714889664506012
0.51042843641029 0.33807246439596095
0.6650406631969115 -0.3180231838898846
-0.4125867883858507 -0.5806433298111024
0.11617822844133019 0.8206249090324496
-0.5313583562285376 -0.17733737565286134
0.11690131836158546 0.9515973277481828
0.9422943556863532 0.3402285800189393
-0.2245596913509882 -0.9393093765065399
0.22931356521431834 -0.10098258866781507
0.8303277734750192 0.6938465768225279
0.41904962375491994 -0.026771014427671602
0.42786297752470714 -0.21235272756255852
0.9364070319990001 0.3869150949471343
0.002461044465607465 -0.001462277626520958
-0.9316586265845446 -0.6313544630579142
-0.05520102990288578 0.330625826761356
0.8391715246781342 0.6438886309737368
0.47406434557444777 0.8906130880533114
-0.0718868239638708 -0.5399447660761048
0.7614761637093428 -0.32231079934551077
-0.47590205739850466 0.5254029885800997
-0.33075637416062653 -0.09156155951913192
-0.29039903180197957 -0.03155822532667951
-0.08622533647954511 0.5037950775253155
-0.2496318893386391 0.6560225510428015
-0.07709823240609937 -0.36720154997120247
0.8140540104447704 0.642683639911704
0.8822679227105699 -0.6483646592907737
0.21654556425367089 -0.3831125506618893
0.7392445960603691 0.73753605033551
-0.2657063633294041 0.055266791264591886
0.28410048277988875 0.9228712599416431
-0.9076557974243731 0.9433398256247902
0.44747147746871585 -0.8782988215523833
0.9163175434497288 -0.5893509639905832
0.0580479033642991 0.08042392320701741
0.608056359918546 0.35650326502463825
0.5185483683133305 -0.1356912325521764
0.4820646047078847 -0.3687864739094808
-0.20126896304895991 0.49695316884280505
-0.5136135846806276 -0.1447721091748324
-0.6574059492186224 0.9902817528176926
0.6053838874442989 -0.6946971724948623
0.594982670005783 -0.9259527571759198
0.23762508817266115 0.033445350776276195
0.6986858385310866 0.4712791416920541
0.8080527396849218 0.34347096068226635
-0.27647285951576706 0.799138822693783
-0.07806642982541812 0.08151969389696889
0.764978706071644 0.9954936870751196
0.2546460505902033 0.6903954538199701
0.690739003543354 -0.281935353056078
-0.5644798679443215 0.38763011062201036
-0.22071176556400185 -0.7492101888853726
0.15838940549597313 0.8490534004912331
0.5165668820751641 0.8902212339292246
0.17836656091692404 -0.032288450897927534
0.479093635046147 0.9448632027306503
-0.48059708340485274 0.9316029822181053
0.5144875782581706 -0.9478694813360857
0.09863782927624509 -0.005767081978283128
-0.8291494779556396 -0.8019685960536933
-0.25319592461666574 -0.790419550312923
-0.40954296127375733 0.06971093685696483
-0.033795807138043976 -0.2584697228515702
-0.18550766173285504 0.9378362920706251
-0.17467206529525514 0.42449819154571333
-0.7511962677488266 -0.2854104830458719
0.9110323382596652 0.43349577603180744
-0.5117875060216772 0.5192187766175451
0.6365113987676456 0.5469838935983689
-0.09711888570788063 -0.706987197484906
-0.04056540556747534 0.920689086192668
-0.7615417556436213 0.5100912925549534
-0.4642190789141769 -0.4192333902065475
0.47704120457166255 0.4787397323820428
-0.7411124460276151 0.4619597090980534
0.5460765673855221 0.6173977646189273
-0.8971735094436808 -0.29855227846439325
-0.35002970354242735 -0.7627638235254512
-0.10480866022949309 0.7680299429594653
0.2143367955913773 -0.1332467214504054
0.46838115163753 -0.9664323959955177
0.5650280152689056 -0.48039144327542793
-0.1551532383915133 0.9476786956306953
0.30334664176361326 -0.18977774400666658
-0.3563893120100159 -0.7329444758528334
0.5100166249576792 -0.6415245761936141
-0.03208841902997506 -0.15756011802662795
-0.10241235993667797 -0.26097686238844786
0.8304872030318817 0.7156504376579018
-0.9335956194466513 -0.937845826553021
0.893104916743318 -0.3104277069302497
0.10691687663697702 -0.9711007906429894
-0.22629877360459805 -0.035606678732956976
0.21238760849563398 -0.20527057305625007
0.37461444467373917 0.48958569849637734
0.6758125531797043 0.9888408522152761
0.05814212298829502 -0.9097348380178425
0.11561060985013416 -0.4240792960914108
-0.9236244283695165 0.3841164406101245
0.592448989292115 -0.5556268956519979
-0.1381842486682976 0.17784096818627249
0.18360011630970208 0.060845205243345246
-0.8024198817934944 -0.5447009029226411
0.2537523032715794 -0.6122191450109153
-0.1829160191345185 -0.9011834328770967
0.8596103642586903 -0.07360067796227732
-0.0774969850819407 -0.8499226917899967
-0.9960742654323276 -0.6287972928258263
0.12415301462590755 -0.47102646636855217
0.928260624958896 -0.04095983184799179
0.1856622412573976 -0.21893462632095817
-0.2892184353379412 0.45877251467602664
0.7286152692720023 0.6908269394994584
-0.5961842676659255 -0.9654620130877345
-0.3170177596339472 0.3179739723738926
-0.7002342086421003 0.45972006914135455
0.5582156842676806 0.22801309147937499
-0.36448435648066724 0.569637144946834
-0.7035277558204713 -0.8931516223190568
0.45383263003575913 -0.9750993062460427
0.4750042599050206 0.6120411206517544
0.7389780344253492 -0.7403751368627853
-0.9583113883212413 -0.9513782794968624
0.1386092684712228 0.09193177818775711
0.10315848760461388 0.013738151528170928
-0.8947386997310767 -0.05174397352204352
-0.9680211308874631 -0.6639083432216273
-0.12665889424132248 0.40865518941220014
-0.8631905256357808 -0.45162526057057706
-0.2978179427212677 -0.35929315522327787
0.8340475439185568 -0.9608324084032642
-0.20288402960585605 -0.8491056927536862
-0.8635741821842293 -0.08708792026308987
0.8367881677713722 -0.7207694539445884
-0.7969008784853577 -0.8609038314827517
0.41029789667032235 0.3175294057580613
-0.5477782191816336 0.6602387150594564
0.617861460488422 0.7487063349313998
0.837183160674249 0.5043915786282029
0.5782577859523277 0.46418491815218355
0.0442179933009319 0.5487437675555684
0.23873809428093629 -0.33832789543792874
0.27860578820802995 0.399962724189419
-0.14477190644383442 0.4481157531961064
-0.608272118890079 -0.8501925340806549
0.9716001881984837 0.7070352631870351
0.0919269071293316 0.09779737294674762
-0.5658200022842395 0.7864892736247613
0.4678651020490232 0.9898939992143228
-0.6577305492908911 -0.5103493442058198
-0.13456188075264608 -0.7830541504732076
0.49058302634655515 -0.2755434579648828
-0.7445674110078704 -0.7311653060212833
-0.543433780633116 0.2547306745577047
0.4819238250082518 -0.4548333934358859
-0.5643868365019242 0.11697221583064654
-0.8275960270384786 0.4819865996022419
-0.1408379896673566 -0.6887863648119827
-0.7177921176552298 -0.5091434547537199
0.9237281445803649 -0.5782905309424669
-0.3037479192497565 0.07413575798837879
-0.27814755098705346 -0.6230729658381544
-0.49106582598983595 0.5193640252426712
-0.4006756782420213 0.08944330374839016
0.8587770934767687 -0.9439784092067673
-0.17153876934027967 0.96806866912105
0.4349181600328922 0.8735580320038625
-0.9363416432700089 -0.01171935893749998
-0.4092553986827909 0.26868387276336403
0.03992516801192725 -0.2202520483472159
0.8285837796914457 0.9743866151420393
-0.9320470464322763 0.13929239909236357
-0.8343259322864196 0.3029407376086426
0.11839051362422692 0.7149830217287334
-0.3515026081557451 0.9881920288377084
-0.5894684089414965 0.34670422846351623
0.8940045103684022 0.831043521210479
0.509915859115154 0.024612455539567257
-0.7858120902209882 -0.4540961476091345
-0.43122587737867124 0.5095930664360404
0.6766223298944314 -0.7762021255527449
-0.4985413888919463 -0.6043999833003397
0.45534599820440147 0.2975438194617026
0.8758163779572627 -0.551585882480311
0.7588562064505606 0.08993449561749811
0.4984655799766149 0.9917633848138523
0.7626840724699762 -0.10400194372131932
-0.301839061731376 -0.8830271079949761
0.9588863194466186 -0.6032826254298762
0.9961530761611903 -0.42998142326204425
-0.6460097364887034 0.7072980591711135
-0.08251086942100727 0.7551845539819302
-0.5175514104605461 0.8473513703688969
0.2557371017126975 -0.7350890494948163
-0.6545228830320067 -0.524511301383541
0.25464343650357435 0.29965191094235366
-0.26387579608792144 -0.5222082496098661
0.4013782840932998 0.07910772549300171
-0.758575141922953 -0.7369789694006015
0.24794654927119653 -0.6963464149969552
-0.18199807202222051 0.9801515535330856
0.8485801621107563 0.408052749496703
-0.9578911367011012 -0.4741059103521006
-0.6804287615063951 0.974207767806377
-0.09948265677439605 -0.2515056980684902
-0.14346110112778487 -0.37407878040673426
0.7288185385906583 -0.9313072372958713
-0.7485923582629819 0.48664551398774214
0.006772662401894225 0.7163147838550705
-0.5485743213499257 -0.9473085338214011
0.8757283623048873 0.8013811650790938
-0.4309245222867011 0.08610524357558957
-0.5269606437109631 -0.07513207981649295
0.09017658927864547 -0.9453286855136256
0.9006729132563458 0.9349782996228275
0.931966627805958 0.5387884773916389
0.864042371298956 -0.5372284754246157
0.029986441935511587 -0.7239776846030892
-0.048032146147667154 -0.24363840480956345
0.4160897855691632 -0.8679876208272461
0.3384284154548489 -0.1533215496616036
0.7794227524786403 0.994263262499653
-0.843068436788295 0.24717994607763738
-0.8903349683228996 -0.7099139903360598
-0.9774629464522651 -0.25018449651842034
0.6731240518719357 -0.048854608219666584
0.6218413130285112 0.8169269962164458
0.3817873598503583 0.3662386375629576
0.9922580623227664 0.7078297002122076
0.710712624747976 -0.15239361825112097
-0.5738596196731094 -0.44586362857977235
-0.2683751067503015 0.34155550388755396
0.5514971298341753 0.010480287881217798
0.5688615623212745 -0.3962943476453167
-0.0012762387616371829 -0.4297976813551221
0.7393657219226755 -0.9650666499153184
0.42827650943665474 0.3577663552256991
0.9751690119123289 -0.638807408562641
0.9293805251769012 0.026268552686678603
0.7339203081133203 0.454518131114686
0.7062883503511403 0.6496083910399946
-0.033561578036437556 0.8550382791502138
0.2249220161083607 0.31433724668357765
-0.9019948479058306 0.47717444669471565
0.04722815428800664 0.17731908290607068
0.11332104403654686 0.3136220504015661
-0.8237421869789632 -0.9845121641010699
-0.5754329576527573 -0.8169205128722805
0.982326776997936 -0.3921498815984594
-0.03920995001751204 0.6395382031479908
0.3392293431735718 0.8163187828316267
0.0315174929127362 -0.09816732824530217
-0.1631094284915846 0.20951043236570976
0.4363750757047815 0.2091942644911271
-0.7617107198094473 0.7641279271464778
0.13269019343410915 -0.6926931550119473
-0.9092026778664535 -0.403726591811465
0.14429724812971 0.7776324326926691
-0.87884313488009 0.9232340041804219
0.276123855996663 -0.0040490373949337854
0.46791772843447776 0.6908048059756926
0.11665648022969188 0.18573352503833473
-0.18386532340345463 0.009292486730559046
-0.37765429690080166 -0.5552770298194307
-0.6841299435735626 0.263357064930412
0.27801070810555006 -0.23356937243027476
-0.8779724985176385 0.30991758391697544
0.8060749281899489 -0.5591102464047366
0.5592558875596567 0.9809314539347713
-0.4871520397657212 0.9223539886581182
0.6671549915166393 -0.2353895459922999
-0.051514599982549925 -0.045237871317380884
-0.9977569900738021 -0.7809322428861125
0.09412722246274408 -0.06437245865252739
-0.7230270636933316 -0.45421342624931715
0.7144411596428555 -0.631685769462984
0.17960409201502148 0.4400653586808101
0.4370351354481943 -0.3348723792917432
0.8977897788584479 0.2633231744898026
0.958238889163374 0.29493806101363496
0.24388650847842608 0.7458850411603537
-0.09356579745870808 0.8732306053758196
-0.40463847573283385 -0.8770432346375492
-0.5175585468368384 0.5313383853187326
0.8698029943331738 0.9775495187193872
-0.9455039576176951 -0.7951986507475519
-0.25020066511723393 -0.7803359103104
0.5349787788343683 -0.6431551691218762
-0.1620451510537011 0.8785560051419627
0.7404730406206128 0.906467125496409
0.1154049835345834 -0.5716444888144432
0.10310865478787301 0.8505500053029136
0.3577633792121626 -0.2215813372131179
0.32870935506261034 -0.6590202320476855
-0.30042482149656435 0.7746259442032051
-0.7486718655694709 -0.37296546558820953
0.7666156756755602 -0.13838307180130283
0.6817948197502279 -0.15162628103413378
0.3866722035087997 -0.6915962464459073
-0.8362117275257201 -0.577448178329578
-0.39612403434404997 -0.07527718726805221
0.378897125203554 0.656769566435816
0.7666583883681959 -0.9285833241811166
-0.7461202803935552 -0.9038277223216276
-0.5101622204786391 -0.3196470880535036
-0.6315781347920351 -0.08058702977666576
-0.6396261495323239 0.3067393018607607
-0.6496047937906415 0.5752323108978639
-0.4516702288653853 0.42923023167440744
-0.6579943594024347 -0.88604140277935
0.1790266693470257 -0.9421467580196332
0.08241799205734135 0.8536446927788026
0.2525197233627381 0.8906438996724213
-0.8603351713121161 -0.29489612694437084
0.162988668355043 -0.5663581951044998
-0.12102165861966396 0.16284133395427114
-0.21770953348420186 -0.5660081722468491
0.3751577226299363 0.4289417245919702
0.708689746934906 -0.42314699333244077
-0.9758595007044828 -0.9645218904141706
-0.49402495716674055 -0.23760422504116474
0.1991274352764636 0.2715220177504931
-0.3586240262198235 0.8663365998918013
-0.702909394694367 -0.9245944130355883
-0.3551443462473727 0.6610118060580101
0.1780573812470554 0.5433900095046074
0.9449097105193416 0.47038743330063437
-0.5926707166376242 0.6726013098784334
0.5252333387920591 0.8701383566283758
0.4652633173248255 -0.7088636692004457
0.8909831370803694 -0.5183613878903706
-0.15865228286289712 0.7232339451652869
0.7339400637463191 -0.6908660575645289
0.45756439250675096 -0.3702494054260872
0.038542495404521704 0.19245842291009319
0.00475307361369004 0.04434281245458771
0.0415588583540063 -0.4346461349964956
-0.37659984100174837 -0.17708451407092807
-0.04704608878218819 0.159256407601849
-0.019947250334779065 -0.5247336384925338
-0.07767447193035815 0.010853075693160408
-0.8650078677528281 -0.415794127319731
-0.8450468553585184 -0.006767799082159742
-0.24959594520477335 -0.11258800865041163
0.11724445841669962 -0.30915307705295536
0.2358637358321667 -0.08931140274218552
-0.28623328789587066 -0.9489858825775035
0.7826901494629734 0.2838159583269444
0.6891142266191732 0.9114592799960903
-0.6328822869603579 -0.8298697567583799
-0.12377474636220764 0.5889379389232612
0.33131669901281 0.5116246456914291
-0.9003993572870495 -0.29630506117432365
0.9513694314703391 0.841274995955285
-0.9440227268117289 0.6069596490082128
-0.6401398659921806 -0.4043561925287893
-0.1698928420915209 0.89056279949811
0.3302995985721997 -0.021396913520015826
0.7714140756612153 -0.008108700243277145
0.30478250099040927 -0.15981078510980096
0.25439540779298 0.20533895527244495
-0.34914821299714327 -0.027258622521072473
-0.15167381865675233 -0.08044123932283909
0.20956538622645793 0.2820365049580049
-0.04957694144162583 -0.7409888984186539
0.18135194110623742 0.5777193201844482
-0.874177492960704 0.7530846724570353
-0.8345172044465825 -0.3206659551479314
0.850817888996444 -0.272972976318258
0.5795053236241954 -0.1732511779007886
-0.9808310339626389 0.5191742902247696
0.17723743219855925 0.0329346065663485
-0.6060758052185178 0.29943466105907746
-0.4529636877171297 -0.06342610424999995
0.01720515741741213 0.4125522796150547
-0.3102908543160723 0.6716662161862696
-0.27833717051763873 -0.15587788507506706
-0.8507685013033657 0.17414494281684956
-0.07881387073190527 0.7399798186351947
-0.4234681660632347 0.5276687452796684
0.5809805930517467 -0.07628660838348744
0.8474343319969317 0.16920666790322114
0.8485792868803876 -0.8946095885050342
0.22325932335222753 -0.44500916202520546
0.860674350307655 0.9105584754697724
0.12323988683049181 0.6075013345048206
-0.09665246157543916 0.9650941810626172
0.13414607373422038 0.2652350917642612
-0.06281675681272714 0.9989473643041282
0.2484498255794647 0.11987245980729044
0.6657318986861027 -0.5093162290647337
0.6444976238807245 -0.198621338376747
-0.2713218999175464 -0.2858886497396056
-0.7007047527119248 0.5358763354905041
0.17838576340594958 -0.7900229560977603
0.6280397799520485 0.16526928669521967
-0.2652214081814168 0.9835002965818711
0.16576468209950734 -0.7190030556812392
0.17228233295600925 -0.7300949698275305
0.07768457862493272 -0.4377774399006953
0.7292422442394468 -0.7257236931007787
-0.6842145228512946 0.24175162143634688
-0.5495113576985666 0.25157205964659024
0.5393411642443244 0.9150439973379905
0.09936339099468072 -0.09558138920782988
0.488637704506381 -0.47723074767351226
0.45039090868937626 -0.5078794815059542
-0.49669107731887174 -0.9623963223916376
-0.04813711072421545 -0.7026515480847533
-0.6279813846869831 -0.012735523211477862
-0.9298088491441505 -0.8199949927699173
-0.7297813154063075 -0.29706793419747823
0.5253051789683478 -0.4343400694147814
0.16847050230556393 0.8032671439961439
0.4888376857777672 0.16426118596366446
-0.24673426504900142 0.4662707113556328
0.5359737635154869 0.1064268335570333
-0.42513109761616175 -0.8536177939074971
-0.6608141024413228 -0.7149640539039683
0.71495115910159 0.49128148002847083
-0.8697497978765851 -0.0056288472213685825
0.6547730585624947 0.3385220439407186
-0.5285992225972751 -0.9736747683316962